512 384
544 400
576 489
608 468
640 590
672 523
704 560
736 829
768 687
800 761
832 812
864 948
896 1014
928 1049
960 1086
992 1150
1024 1844
1056 1327
1088 1564
1120 1533
1152 1616
1184 1662
1216 1808
1248 1815
1280 2018
1312 2114
1344 2227
1376 2288
1408 2428
1440 2541
1472 2666
1504 2712
1536 2843
1568 3000
1600 3127
1632 3244
1664 3317
1696 3576
1728 3630
1760 3884
1792 3907
1824 4064
1856 4226
1888 4347
1920 4537
1952 4671
1984 4879
2016 5087
2048 5168
2080 5438
2112 5724
2144 5856
2176 5883
2208 6133
2240 6339
2272 6413
2304 6536
2336 6865
2368 7015
2400 7440
2432 7431
2464 7775
2496 7976
2528 8099
2560 8358
2592 9219
2624 9348
2656 9189
2688 9155
2720 9394
2752 9722
2784 10017
2816 10121
2848 10478
2880 10704
2912 11026
2944 11289
2976 11538
3008 11544
3040 11813
3072 12464
3104 12579
3136 12635
3168 13162
3200 13888
3232 13698
3264 14208
3296 14249
3328 14649
3360 15083
3392 15590
3424 15609
3456 16075
3488 16260
3520 16538
3552 16861
3584 17104
3616 17458
3648 17674
3680 18421
3712 18410
3744 18908
3776 19220
3808 19640
3840 20368
3872 20154
3904 20316
3936 21138
3968 21667
4000 21731
4032 22940
4064 23830
4096 23046
4128 23264
4160 23736
4192 24574
4224 24882
4256 24893
4288 25701
4320 25567
4352 26204
4384 26566
4416 27352
4448 27294
4480 28109
4512 28343
4544 28828
4576 29082
4608 29864
4640 29871
4672 30594
4704 30853
4736 31361
4768 32559
4800 32419
4832 32363
4864 34021
4896 34188
4928 34163
4960 34290
4992 34832
5024 35323
5056 37009
5088 36724
5120 37011
5152 36912
5184 38112
5216 37986
5248 38765
5280 39088
5312 39445
5344 41382
5376 40500
5408 41280
5440 41631
5472 42679
5504 42933
5536 44578
5568 44432
5600 44087
5632 44730
5664 45580
5696 46214
5728 47428
5760 48670
5792 48202
5824 48006
5856 49025
5888 49428
5920 50517
5952 51386
5984 51413
6016 52405
6048 53292
6080 52568
6112 53870
6144 54213
6176 56010
6208 56957
6240 56985
6272 58489
6304 57216
6336 58215
6368 59124
6400 61067
6432 60675
6464 64049
6496 61940
6528 64481
6560 63399
6592 63267
6624 64943
6656 66403
6688 65664
6720 66062
6752 68357
6784 70688
6816 71895
6848 70849
6880 72237
6912 73218
6944 72062
6976 72288
7008 73507
7040 73620
7072 77252
7104 74973
7136 76069
7168 76905
7200 77038
7232 79249
7264 82076
7296 80521
7328 80150
7360 81261
7392 81743
7424 84321
7456 84348
7488 87510
7520 86508
7552 87358
7584 91248
7616 91317
7648 89195
7680 89256
7712 89658
7744 90346
7776 93210
7808 96067
7840 93450
7872 93980
7904 95315
7936 96646
7968 100417
8000 98504
8032 99223
8064 100102
8096 100352
8128 105328
8160 106180
8192 104190
8224 103446
8256 103728
8288 109192
8320 109028
8352 106775
8384 108373
8416 108081
8448 110318
8480 113495
8512 111320
8544 115563
8576 112979
8608 113027
8640 120753
8672 120870
8704 117259
8736 117275
8768 119741
8800 123375
8832 121485
8864 120511
8896 123904
8928 129963
8960 132076
8992 130235
9024 125108
9056 130089
9088 134693
9120 130054
9152 137274
9184 131635
9216 130965
9248 133646
9280 134715
